
最终的平均准确率:1.087848303911388

最终的平均准确率:1.0932956905503635

最终的平均准确率:0.4845605700712589

最终的平均准确率:0.9016203703703705

最终的平均准确率:0.8680555555555556

最终的平均准确率:0.8685185185185185

最终的平均准确率:0.875

最终的平均准确率:0.5475746268656716

最终的平均准确率:0.5307835820895522

最终的平均准确率:0.5739904988123515

最终的平均准确率:0.5727790973871734

最终的平均准确率:0.5705085551330799

最终的平均准确率:0.5585122699386503

最终的平均准确率:0.5548849104859335

最终的平均准确率:0.6176470588235294

最终的平均准确率:0.5775401069518716

最终的平均准确率:0.5736342042755345

最终的平均准确率:0.5718155893536122

最终的平均准确率:0.5591513292433538

最终的平均准确率:0.5561125319693094

最终的平均准确率:0.6229946524064172

最终的平均准确率:0.6122994652406417

最终的平均准确率:0.5735866983372921

最终的平均准确率:0.571078897338403

最终的平均准确率:0.5579243353783231

最终的平均准确率:0.5549616368286445

最终的平均准确率:0.6310160427807486

最终的平均准确率:0.5775401069518716
2.3157363420427552 2.2146970351619046 2.2248979591836733 2.218522725742074 2.305494290445367
(0, 0.7632422802850356, 0.7161033286209999, 0.758095238095238, 0.7365012226554755, 0.7626619499222238)
(1, 0.7722684085510689, 0.7354320160750167, 0.746938775510204, 0.7411407357408032, 0.7694124857529946)
(2, 0.7802256532066508, 0.7631616904658878, 0.7198639455782313, 0.7408807673457956, 0.7734198547701483)
2.3054038004750597 2.157045416487685 2.2689789664298647 2.2077128372323425 2.300724862575247
(0, 0.7830166270783848, 0.7529783263958663, 0.7307424432372197, 0.7416937650219143, 0.776301767110795)
(1, 0.7526722090261283, 0.6777541873083275, 0.8003900264660816, 0.7339847991313789, 0.7588017827186012)
(2, 0.7697149643705463, 0.726312902783491, 0.7378464967265635, 0.7320342730790491, 0.7656213127458509)
2.2999406175771973 2.183249141148783 2.1771746694502436 2.179414386023116 2.284237257045163
(0, 0.7459026128266033, 0.6943552701979668, 0.7224773834377175, 0.7081372348407339, 0.7429062214961762)
(1, 0.7770783847980998, 0.7517241379310344, 0.7130132219902575, 0.7318571428571429, 0.7688836177273918)
(2, 0.7769596199524941, 0.7371697330197814, 0.7416840640222686, 0.7394200083252392, 0.7724474178215952)
